%YAML:1.0
---
model_type: PINHOLE
camera_name: camera
image_width: 752
image_height: 480
distortion_parameters:
   k1: 0.0
   k2: 0.0
   p1: 0.0
   p2: 0.0
projection_parameters:
   fx: 467.39293943975815
   fy: 467.0817682710746
   cx: 369.5406131326408
   cy: 220.9435352383846
