%YAML:1.0
---
model_type: PINHOLE
camera_name: camera
image_width: 752
image_height: 480
distortion_parameters:
   k1: 0.0
   k2: 0.0
   p1: 0.0
   p2: 0.0
projection_parameters:
   fx: 8.250258563372763e+02
   fy: 8.267976260903337e+02
   cx: 3.860151866550880e+02
   cy: 2.419130336743440e+02
